1280 16 0.212899 438349
1280 32 0.21341 852102
1280 2 0.21414 66270.6
1280 4 0.214616 121248
1280 8 0.215433 230911
1280 1 0.225677 44555.3
1536 16 0.212254 367237
1536 32 0.212774 715660
1536 8 0.213222 189356
1536 2 0.213227 59006.3
1536 4 0.213684 102334
1536 1 0.223767 31823.3
1792 32 0.211331 609172
1792 16 0.211419 311120
1792 4 0.21179 89913.5
1792 2 0.212765 47993.6
1792 8 0.21293 164097
1792 1 0.224498 32571.6
2048 16 0.211533 281260
2048 4 0.211617 79641.5
2048 32 0.211889 559007
2048 2 0.21218 48909.9
2048 8 0.21303 145927
2048 1 0.224597 29496.6
2304 4 0.212853 70302.6
2304 2 0.212895 41272.3
2304 16 0.212912 251202
2304 32 0.213694 499078
2304 8 0.214148 139031
2304 1 0.227475 28431.1
2560 32 0.213873 434732
2560 16 0.214225 226548
2560 4 0.214622 66933.7
2560 2 0.215156 40426.3
2560 8 0.215408 119683
2560 1 0.230285 26003.7
2816 16 0.215461 202607
2816 32 0.215788 395654
2816 2 0.21709 37543.7
2816 8 0.21725 110136
2816 4 0.217707 64254.3
2816 1 0.234843 26523.7
