1280 16 0.15227 64362.6
1280 64 0.152329 246843
1280 128 0.152581 493155
1280 32 0.152976 127166
1280 8 0.153338 32387.7
1280 4 0.154589 16522
1280 2 0.176919 9862.65
1536 64 0.149299 202519
1536 128 0.14954 400812
1536 16 0.149772 52797.6
1536 32 0.150307 103814
1536 8 0.150644 26496
1536 4 0.151927 13536.9
1536 2 0.175559 8160.35
1792 64 0.150064 175554
1792 16 0.150255 45103.7
1792 128 0.150623 346154
1792 32 0.150938 89583.3
1792 8 0.151571 22914.7
1792 4 0.153772 12216.4
1792 2 0.177533 7701.32
2048 16 0.149829 39330.2
2048 64 0.150036 152640
2048 128 0.150039 303191
2048 32 0.151412 78204.7
2048 8 0.151426 20305.2
2048 4 0.154159 10825.7
2048 2 0.179881 7306.73
2304 64 0.149592 135865
2304 16 0.149615 35342.7
2304 128 0.149869 269251
2304 32 0.151293 70109.9
2304 8 0.151524 17952.7
2304 4 0.154645 9309.55
2304 2 0.186138 6671.32
2560 64 0.152718 124535
2560 128 0.152968 246799
2560 16 0.153419 32663.1
2560 32 0.154547 64419.8
2560 8 0.155471 16688.3
2560 4 0.158723 9063.25
2560 2 0.193221 6561.6
2816 64 0.153832 114907
2816 128 0.154202 228013
2816 16 0.154226 29961.9
2816 8 0.156419 15463
2816 32 0.156707 59439.6
2816 4 0.160141 8113.64
2816 2 0.198389 5881.47
