1600 1024 0.0148425 175669
1600 128 0.0148575 24022.1
1664 256 0.0148672 43547
1664 128 0.0148677 22976.8
1600 256 0.0148903 45414.4
1536 256 0.0149133 47421.9
1536 128 0.014925 25012.4
1728 256 0.0149299 42342.4
1728 128 0.0149331 22208.2
1472 256 0.0149447 49750.9
1472 128 0.0149468 26136.4
1344 128 0.0149657 28501.3
1408 128 0.0149718 27417.7
1600 512 0.014978 90647.8
1344 256 0.0149784 54716.8
1664 512 0.0149812 87114.8
1280 128 0.0149871 30069.5
1280 256 0.0149958 57185
1408 256 0.0149963 52158.1
1216 128 0.0150047 31865.6
1664 1024 0.0150175 170005
1152 128 0.015023 33475.6
1792 128 0.015028 21672.5
1536 32 0.0150393 7320.97
1664 32 0.0150406 6573.39
1536 1024 0.0150464 184050
1472 32 0.0150508 7246.65
1088 128 0.015055 35731.9
1728 1024 0.015055 164056
1344 32 0.0150554 8005.14
1472 512 0.0150559 99162.3
1792 256 0.0150563 41360.4
1600 32 0.0150572 6698.34
1472 1024 0.0150702 192676
1728 512 0.0150742 84724.1
1792 1024 0.0150759 157981
1408 1024 0.0150791 201886
1984 256 0.0150824 37133
1280 32 0.0150854 8307.42
1536 512 0.0150935 94734.7
1728 32 0.0150963 6174.28
1216 256 0.0150971 60570.5
1152 32 0.0150984 9384.72
1152 1024 0.0151002 247843
1920 128 0.0151011 20283.9
1152 512 0.0151034 127901
1216 32 0.0151076 8808.23
1408 32 0.0151077 7652.99
1216 1024 0.0151102 234681
1344 512 0.0151113 109664
1984 128 0.0151121 19539.1
1344 1024 0.0151142 211131
1088 1024 0.0151146 263775
1024 128 0.0151174 37953.6
1920 256 0.0151185 38625.6
1408 512 0.0151232 102924
1152 256 0.0151325 64611.2
1792 512 0.0151331 81903.7
1088 256 0.0151474 68438.5
960 128 0.0151507 40672.7
1280 1024 0.0151517 222835
1088 32 0.015153 9989.8
1088 512 0.0151669 134966
1280 512 0.0151785 115021
896 128 0.0151806 43731.6
1024 256 0.0151835 72300.8
1024 32 0.0151846 10590
1216 512 0.0151919 121286
1792 32 0.0151978 6040.92
832 128 0.0151997 46862.5
1984 1024 0.0152089 144333
1856 128 0.0152105 21140.3
1920 512 0.0152158 76331.5
960 32 0.0152162 11312
1024 512 0.0152164 144150
896 32 0.0152197 12324
1856 256 0.0152375 40253.6
960 256 0.0152397 77791
1856 1024 0.0152476 155383
768 128 0.0152477 51262.2
1984 512 0.0152579 74034.2
1024 1024 0.0152708 280027
832 32 0.015271 13108.4
1920 1024 0.0152727 149366
960 1024 0.0152827 300062
704 128 0.0152902 56041.5
1984 32 0.0152919 5569.38
832 256 0.0152952 89425.5
768 32 0.0152975 14297.8
1920 32 0.0152987 5699.84
896 1024 0.0152988 321575
896 256 0.0153072 83673.9
1856 512 0.0153074 80181.2
960 512 0.015332 153667
832 512 0.0153322 179680
704 32 0.0153537 15485.9
768 512 0.0153579 192732
704 1024 0.0153651 411415
768 256 0.0153683 97582.4
768 1024 0.0153765 376816
960 16 0.0153806 6232.32
1856 32 0.0153828 5888.62
704 256 0.0153846 107321
640 32 0.0153879 17152.9
2048 128 0.0153974 19357.2
2048 256 0.0154022 36616.4
896 16 0.0154117 6704.21
1024 16 0.0154119 5813.99
832 1024 0.0154218 351064
896 512 0.0154406 167989
704 512 0.0154453 214572
832 16 0.0154462 7154.95
2048 512 0.0154521 73316.7
640 256 0.0154533 118884
640 128 0.0154621 61956.6
768 16 0.0154714 7886.68
2048 1024 0.0154975 142252
704 16 0.0155062 8587.89
640 1024 0.0155106 456072
576 32 0.0155141 19238.6
1088 16 0.0155314 5502.53
576 128 0.0155707 69846.9
512 32 0.0155844 21626.2
2048 32 0.0155859 5447.81
640 16 0.0155912 9528.17
640 512 0.0155935 237165
576 256 0.0156008 132190
576 1024 0.0156385 510853
576 512 0.0156742 264605
1216 8 0.0157001 3189.13
576 16 0.0157004 10602.8
512 128 0.0157006 79095.4
1088 8 0.0157011 3358.3
1280 8 0.0157078 2847.3
1152 8 0.0157193 3175.09
512 256 0.015729 150857
1024 8 0.0157294 3563.69
960 8 0.015736 3820.03
1152 16 0.0157363 5366.42
896 8 0.0157572 4140.87
512 1024 0.0157583 582040
2112 1024 0.0157652 141409
2112 128 0.0157664 19193.3
2112 256 0.0157727 36557.3
512 16 0.0157867 11983.1
1600 64 0.0157908 12959.3
832 8 0.0158218 4447.49
1344 64 0.0158328 15513.3
1536 64 0.0158347 13489.8
1600 8 0.01585 2371.01
1664 64 0.01585 12460.2
1408 64 0.0158552 14843.5
1472 64 0.0158562 14164.8
1408 8 0.0158634 2648.63
1728 64 0.0158664 12079.6
1664 8 0.0158702 2406.87
1472 8 0.0158706 2644.16
1280 64 0.0158836 16294.8
768 8 0.0159072 4827.84
1344 8 0.0159084 2888.17
1216 64 0.0159144 17117.3
2112 512 0.0159164 72895.1
1152 64 0.0159233 18300.5
1088 64 0.0159251 19199.4
1216 16 0.0159302 4987.02
512 512 0.0159308 301902
704 8 0.015936 5320.76
1728 8 0.0159605 2219.66
2112 32 0.0159699 5478.83
1024 64 0.015982 20608
1792 64 0.0159951 11668.4
1536 8 0.0160105 2532.19
960 64 0.0160294 21939.6
896 64 0.0160354 23551.7
2176 256 0.0160508 36024.3
1792 8 0.0160631 2137.15
1920 64 0.0160644 11023.9
1920 8 0.0160669 2024.34
832 64 0.0160724 25336.3
1984 64 0.0160777 10606.3
2176 128 0.0160917 19031.1
1280 16 0.0161018 5123.2
768 64 0.0161076 27626.5
1856 8 0.0161166 2117.19
1344 16 0.0161182 4555.92
1984 8 0.0161198 2072.44
640 8 0.0161261 5898.9
2176 1024 0.016148 140438
704 64 0.0161511 29975.8
1856 64 0.0161642 11463.2
640 64 0.0162054 33288.8
2176 512 0.0162074 72134.1
1408 16 0.0162315 4386.44
2176 32 0.016264 5339.8
576 64 0.0162678 37068.9
1536 16 0.0162898 4093.7
1472 16 0.0162956 4339.05
576 8 0.0163602 6659.93
512 64 0.0164013 42127.8
2048 8 0.0164384 2018.49
2048 64 0.0164426 10506.2
2240 256 0.0164441 35945.5
2240 128 0.0164656 19024.1
1600 16 0.0164849 3968.91
512 8 0.0165151 7442.36
1664 16 0.0165458 3979.37
2240 512 0.0165586 71309.2
2240 1024 0.0165741 139870
2240 32 0.0166564 5286.17
1728 16 0.016699 3676.41
2112 64 0.0168042 10419.2
2304 256 0.0168268 35639.8
2304 128 0.016837 18848.8
2112 8 0.0168395 1892.13
1792 16 0.016844 3885.28
2304 512 0.0168697 71163
2304 1024 0.0169328 138702
1920 16 0.0170004 3780.27
1984 16 0.0170083 3304.75
1856 16 0.0170574 3585.47
2304 32 0.0170725 5426.54
2176 64 0.0171268 10305.8
2176 8 0.0171715 2164.06
2368 256 0.0172757 35779.8
2368 128 0.0172813 18811.1
2048 16 0.0172942 3426.37
2368 512 0.0174007 71023.2
2368 1024 0.0174294 138866
2368 32 0.0174706 5266.36
2240 64 0.0175624 10284.8
2240 8 0.0175881 1933.57
2432 256 0.0177425 35607.6
2112 16 0.0177667 3263.22
2432 512 0.017768 71240.9
2432 128 0.0177974 18877
2432 1024 0.0178949 138320
2432 32 0.0179936 5296.74
2304 64 0.0180054 10283.6
2304 8 0.0180372 1855.63
2176 16 0.0181699 3780.63
2496 256 0.0181809 35590.3
2496 128 0.0182152 18770.6
2496 512 0.018307 71310.8
2496 1024 0.0183073 138638
2368 64 0.0184274 10314.6
2496 32 0.0184585 5304.91
2240 16 0.0184778 3303.75
2368 8 0.0184981 1946.05
2560 128 0.0186563 18746.2
2560 256 0.0186579 35611.2
2560 512 0.0187515 71529.5
2560 1024 0.0188084 138405
2304 16 0.0189122 3227
2560 32 0.0189404 5488.47
2432 8 0.0189499 1846.66
2432 64 0.0189687 10420
2624 128 0.0191243 18773.9
2624 256 0.0191421 35698.7
2624 512 0.0192048 70601.5
2624 1024 0.0192538 138557
2496 64 0.0193457 10224.9
2624 32 0.019369 5278.7
2368 16 0.019394 3205.78
2496 8 0.0195048 2067.61
2688 256 0.0195914 35713.7
2688 128 0.0196107 18783.1
2688 512 0.0196417 71040.3
2688 1024 0.0196446 137538
2560 64 0.0198315 10210.2
2688 32 0.0199161 5546.15
2432 16 0.0199606 3138.18
2752 256 0.0200015 35493.5
2752 128 0.0200435 18798.2
2560 8 0.0200536 2180.38
2752 512 0.0201362 71140.4
2752 1024 0.0202342 138776
2752 32 0.0202985 5217.93
2624 64 0.020333 10123.2
2496 16 0.0203921 3343.67
2624 8 0.0204452 2013.58
2816 256 0.0205426 35739
2816 128 0.0205644 18875.4
2816 512 0.0205797 71159.8
2816 1024 0.0206359 137677
2688 64 0.02084 10307.9
2816 32 0.0208653 5347.58
2880 512 0.0209443 70393.3
2880 128 0.0209651 18782.9
2880 256 0.0209738 35684.2
2688 8 0.0210319 1896.14
2560 16 0.0210914 3261.67
2880 1024 0.021193 138620
2752 64 0.0212437 10196.9
2880 32 0.021265 5266.74
2624 16 0.0214007 3179.31
2752 8 0.0214393 1828.82
2944 256 0.0214552 35617.5
2944 512 0.0214825 71041.8
2944 128 0.0214846 18903.8
2944 1024 0.0216123 138481
2944 32 0.0216633 5217.09
2816 64 0.0217906 10171.2
3008 128 0.0218869 18796.5
3008 256 0.0219273 35683.7
2688 16 0.0219907 3102.12
2816 8 0.0221083 2137.92
3008 1024 0.0221261 138449
3008 512 0.0221296 71025.7
3008 32 0.022216 5267.72
2880 64 0.0222313 10218.4
2752 16 0.0223136 3073.64
2880 8 0.0225179 2320.41
2944 64 0.0227577 10281.4
2944 8 0.022956 1949.02
2816 16 0.0230377 3469.6
3008 64 0.0232208 10059.3
2880 16 0.0232866 3156.9
3008 8 0.0238977 1858.25
3008 16 0.0239633 3191.37
2944 16 0.0239891 3133.53
