1536 64 0.149299 202519
1536 128 0.14954 400812
2304 64 0.149592 135865
2304 16 0.149615 35342.7
1472 64 0.149661 211663
1536 16 0.149772 52797.6
1728 64 0.149775 181440
2048 16 0.149829 39330.2
2240 16 0.149855 36239.8
2304 128 0.149869 269251
2112 64 0.150025 147693
2048 64 0.150036 152640
1472 128 0.150039 422600
2048 128 0.150039 303191
1792 64 0.150064 175554
1984 64 0.150068 157005
2240 64 0.150076 140102
2176 16 0.150131 37115.3
2112 128 0.150138 293750
2176 64 0.150193 143929
1472 16 0.150205 55144.4
2112 16 0.150237 38189.9
2240 128 0.150247 278408
1792 16 0.150255 45103.7
1536 32 0.150307 103814
1728 128 0.15033 358858
1728 16 0.150466 47105.5
2176 128 0.150477 286479
1984 16 0.150555 41050.7
1664 64 0.150563 189054
1984 128 0.150586 314263
1664 128 0.150605 373354
1792 128 0.150623 346154
1536 8 0.150644 26496
1856 16 0.15066 43692.5
1664 16 0.150714 48847.2
1472 32 0.150728 108483
1856 64 0.150835 169159
1792 32 0.150938 89583.3
1856 128 0.150944 337364
1920 16 0.150952 42427.3
1408 64 0.150954 223638
1408 16 0.150967 58109.6
1920 64 0.150997 163348
1920 128 0.151012 324807
1600 16 0.151027 50691.6
1408 128 0.151103 443331
1984 32 0.151233 81000.4
1472 8 0.151235 27795.9
1600 64 0.151238 196666
2304 32 0.151293 70109.9
1600 128 0.151345 392314
2048 32 0.151412 78204.7
2048 8 0.151426 20305.2
1664 32 0.151439 96632.2
2368 64 0.15144 134113
2240 8 0.151518 18430.3
2304 8 0.151524 17952.7
1728 32 0.151553 92541.9
1792 8 0.151571 22914.7
2112 32 0.151634 76069.2
1344 64 0.151704 234472
2240 32 0.151711 71695.1
1408 32 0.151766 114306
1344 128 0.151788 466447
2368 128 0.151791 265838
2176 8 0.151818 18926.5
1664 8 0.151852 24826.2
1856 8 0.151871 22337.1
1408 8 0.151925 29032.6
1600 32 0.151925 100317
1536 4 0.151927 13536.9
1984 8 0.151947 20634.8
1856 32 0.152036 86862
2368 16 0.152077 34997.5
2176 32 0.152101 74336.3
1728 8 0.152149 23909.4
2112 8 0.15221 19649
1344 16 0.152211 60710
1280 16 0.15227 64362.6
1600 8 0.152309 25889.3
1280 64 0.152329 246843
1920 8 0.152334 21694.3
1920 32 0.152412 84056.8
2496 64 0.152452 128437
1472 4 0.152485 14262
1344 32 0.152524 120219
2432 64 0.152526 131477
1280 128 0.152581 493155
1344 8 0.152674 30893.8
2560 64 0.152718 124535
2432 16 0.152729 34036.4
2432 128 0.152817 262145
2496 128 0.152912 253815
2560 128 0.152968 246799
1280 32 0.152976 127166
1216 64 0.153035 262582
2368 32 0.153089 68705.1
2624 64 0.153154 122123
2688 64 0.15316 119722
1216 16 0.153282 68066.1
1216 128 0.153282 521849
1280 8 0.153338 32387.7
2688 16 0.153362 31322.1
2496 16 0.15338 33570.4
2560 16 0.153419 32663.1
2752 64 0.153456 117337
2624 128 0.153493 242378
2752 128 0.153567 231145
1152 16 0.15359 72053.8
2688 128 0.153604 237970
2368 8 0.153666 18075
1408 4 0.153676 15078.2
1216 8 0.15369 34258.2
1792 4 0.153772 12216.4
1152 64 0.153814 278084
2816 64 0.153832 114907
2624 16 0.153838 31744.3
2752 16 0.153902 30391.4
1152 128 0.154005 551674
2048 4 0.154159 10825.7
1664 4 0.154179 12692.8
1344 4 0.154187 15787.8
2432 32 0.154196 67818.4
2816 128 0.154202 228013
2816 16 0.154226 29961.9
1216 32 0.154299 134395
1856 4 0.154305 11537.1
1728 4 0.154343 12203.4
2240 4 0.154387 9507.45
1152 32 0.154427 142973
1600 4 0.154482 13166.2
2176 4 0.154482 10080.5
2560 32 0.154547 64419.8
1280 4 0.154589 16522
1984 4 0.154604 11108.8
2432 8 0.15463 17458.7
2304 4 0.154645 9309.55
1152 8 0.154679 36336.1
2880 64 0.154693 113610
2496 32 0.154726 66240.4
1920 4 0.154837 11121.3
2112 4 0.155025 10211.2
2880 128 0.155045 223579
2496 8 0.155054 17244.3
1216 4 0.155077 17462.9
2880 16 0.155349 29554.2
2560 8 0.155471 16688.3
2944 128 0.155473 220509
2688 32 0.155475 62288.8
2944 64 0.155488 110828
2624 8 0.155564 16280.7
3008 128 0.155615 215173
2944 16 0.155667 29069.5
2624 32 0.155725 62893.4
2688 8 0.155804 16433.6
3008 64 0.15587 109460
1152 4 0.156055 18364.5
2752 32 0.156141 60781.9
3008 16 0.156263 29576.5
2752 8 0.156347 15731.4
2816 8 0.156419 15463
2816 32 0.156707 59439.6
2368 4 0.157158 9681.72
2880 32 0.157301 58506.4
2944 8 0.157714 14944.8
2880 8 0.157716 15228.9
2432 4 0.157873 9253.09
2496 4 0.158049 8924.68
2944 32 0.158234 58020.2
2560 4 0.158723 9063.25
3008 8 0.158797 14840
2624 4 0.158863 8615.77
3008 32 0.158991 56983.1
2688 4 0.159062 8501.38
2752 4 0.159352 8311.29
2816 4 0.160141 8113.64
2880 4 0.161128 8358.79
2944 4 0.161422 8111.16
3008 4 0.163076 8224.28
1472 2 0.175413 8903.74
1536 2 0.175559 8160.35
1408 2 0.176065 8895.99
1344 2 0.176769 9478.06
1600 2 0.17687 8815.05
1280 2 0.176919 9862.65
1664 2 0.177193 7775.86
1792 2 0.177533 7701.32
1216 2 0.177677 10233.7
1152 2 0.177942 12676.7
1856 2 0.178257 7334.78
1984 2 0.178751 7324.66
1920 2 0.179507 6918.28
2048 2 0.179881 7306.73
1728 2 0.180322 8673.8
2112 2 0.181681 6765.83
2240 2 0.18258 6528.73
2176 2 0.184953 8204.95
2304 2 0.186138 6671.32
2368 2 0.188306 6577.46
2432 2 0.188615 9556.14
2496 2 0.192097 6559.6
2624 2 0.193102 6622.99
2560 2 0.193221 6561.6
2688 2 0.194257 6413.95
2752 2 0.19568 6082.35
2816 2 0.198389 5881.47
2880 2 0.199189 5876.84
3008 2 0.204187 5914.53
2944 2 0.204328 6547.42
