[0.22968750000000002]
[0.2191875]
[0.2165625]
[0.2270625]
[0.2218125]
[0.2113125]
[0.21196874999999998]
[0.22246875]
[0.22771875]
[0.21721875]
[0.21984375]
[0.23034375]
[0.22509375]
[0.21459375]
[0.21328125]
[0.22378125000000001]
[0.22903125000000002]
[0.21853125]
[0.21590625]
[0.22640625]
[0.22115625]
[0.21065625]
[0.210984375]
[0.221484375]
[0.22673437500000002]
[0.216234375]
[0.218859375]
[0.229359375]
[0.224109375]
[0.213609375]
[0.21492187499999998]
[0.225421875]
[0.23067187500000003]
[0.220171875]
[0.217546875]
[0.228046875]
[0.222796875]
[0.212296875]
[0.211640625]
[0.222140625]
[0.227390625]
[0.216890625]
[0.219515625]
[0.230015625]
[0.224765625]
[0.214265625]
[0.212953125]
[0.223453125]
[0.228703125]
[0.218203125]
[0.215578125]
[0.22607812500000002]
[0.22082812500000001]
[0.210328125]
[0.21049218749999998]
[0.2209921875]
[0.2262421875]
[0.2157421875]
[0.2183671875]
[0.2288671875]
[0.2236171875]
[0.2131171875]
[0.2144296875]
[0.2249296875]
[0.2301796875]
[0.2196796875]
[0.2170546875]
[0.22755468750000002]
[0.22230468750000001]
[0.2118046875]
[0.2124609375]
[0.2229609375]
[0.22821093750000002]
[0.2177109375]
[0.2203359375]
[0.2308359375]
[0.2255859375]
[0.2150859375]
[0.2137734375]
[0.2242734375]
[0.2295234375]
[0.2190234375]
[0.21639843749999998]
[0.2268984375]
[0.22164843750000002]
[0.21114843749999998]
[0.2108203125]
[0.2213203125]
[0.2265703125]
[0.2160703125]
[0.2186953125]
[0.2291953125]
[0.2239453125]
[0.21344531249999998]
[0.2147578125]
[0.22525781250000002]
[0.23050781250000002]
[0.2200078125]
[0.2173828125]
[0.2278828125]
[0.2226328125]
[0.2121328125]
[0.2114765625]
[0.2219765625]
[0.2272265625]
[0.2167265625]
[0.21935156249999999]
[0.2298515625]
[0.22460156250000002]
[0.2141015625]
[0.2127890625]
[0.2232890625]
[0.2285390625]
[0.2180390625]
[0.2154140625]
[0.2259140625]
[0.2206640625]
[0.2101640625]
[0.21024609375]
[0.22074609375]
[0.22599609375000002]
[0.21549609375]
[0.21812109375]
[0.22862109375]
[0.22337109375]
[0.21287109375]
[0.21418359374999998]
[0.22468359375]
[0.22993359375]
[0.21943359375]
[0.21680859375]
[0.22730859375]
[0.22205859375]
[0.21155859375]
[0.21221484375]
[0.22271484375]
[0.22796484375]
[0.21746484375]
[0.22008984375]
[0.23058984375000002]
[0.22533984375000002]
[0.21483984375]
[0.21352734375]
[0.22402734375]
[0.22927734375]
[0.21877734375]
[0.21615234375]
[0.22665234375]
[0.22140234375]
[0.21090234375]
[0.21123046874999998]
[0.22173046875]
[0.22698046875]
[0.21648046875]
[0.21910546875]
[0.22960546875]
[0.22435546875]
[0.21385546875]
[0.21516796875]
[0.22566796875]
[0.23091796875]
[0.22041796875]
[0.21779296875]
[0.22829296875000002]
[0.22304296875000001]
[0.21254296875]
[0.21188671874999998]
[0.22238671875]
[0.22763671875000002]
[0.21713671875]
[0.21976171875]
[0.23026171875]
[0.22501171875]
[0.21451171875]
[0.21319921875]
[0.22369921875]
[0.22894921875000002]
[0.21844921875]
[0.21582421875]
[0.22632421875]
[0.22107421875]
[0.21057421875]
[0.21041015624999998]
[0.22091015625]
[0.22616015625000002]
[0.21566015624999998]
[0.21828515625]
[0.22878515625]
[0.22353515625]
[0.21303515625]
[0.21434765625]
[0.22484765625]
[0.23009765625]
[0.21959765625]
[0.21697265625]
[0.22747265625000002]
[0.22222265625]
[0.21172265625]
[0.21237890625]
[0.22287890625]
[0.22812890625]
[0.21762890625]
[0.22025390625]
[0.23075390625]
[0.22550390625]
[0.21500390625]
[0.21369140625]
[0.22419140625]
[0.22944140625]
[0.21894140625]
[0.21631640625]
[0.22681640625000002]
[0.22156640625000001]
[0.21106640625]
[0.21073828125]
[0.22123828125]
[0.22648828125]
[0.21598828125]
[0.21861328125]
[0.22911328125000002]
[0.22386328125]
[0.21336328125]
[0.21467578125]
[0.22517578125]
[0.23042578125000002]
[0.21992578125]
[0.21730078125]
[0.22780078125]
[0.22255078125]
[0.21205078125]
[0.21139453125]
[0.22189453125]
[0.22714453125]
[0.21664453125]
[0.21926953125]
[0.22976953125000002]
[0.22451953125000002]
[0.21401953125]
[0.21270703124999998]
[0.22320703125]
[0.22845703125]
[0.21795703125]
[0.21533203125]
[0.22583203125]
[0.22058203125]
[0.21008203125]
[0.210123046875]
[0.220623046875]
[0.225873046875]
[0.215373046875]
[0.217998046875]
[0.228498046875]
[0.223248046875]
[0.21274804687499999]
[0.214060546875]
[0.22456054687500002]
[0.22981054687500002]
[0.219310546875]
[0.216685546875]
[0.227185546875]
[0.221935546875]
[0.211435546875]
[0.212091796875]
[0.222591796875]
[0.227841796875]
[0.217341796875]
[0.219966796875]
[0.23046679687500002]
[0.225216796875]
[0.214716796875]
[0.21340429687499998]
[0.223904296875]
[0.229154296875]
[0.218654296875]
[0.216029296875]
[0.226529296875]
[0.221279296875]
[0.210779296875]
[0.211107421875]
[0.221607421875]
[0.22685742187500002]
[0.216357421875]
[0.218982421875]
[0.229482421875]
[0.224232421875]
[0.213732421875]
[0.215044921875]
[0.225544921875]
[0.230794921875]
[0.220294921875]
[0.217669921875]
[0.22816992187500001]
[0.222919921875]
[0.212419921875]
[0.211763671875]
[0.222263671875]
[0.22751367187500002]
[0.217013671875]
[0.219638671875]
[0.230138671875]
