512 32 0.0155844 21626.2
512 128 0.0157006 79095.4
512 256 0.015729 150857
512 1024 0.0157583 582040
512 16 0.0157867 11983.1
512 512 0.0159308 301902
512 64 0.0164013 42127.8
512 8 0.0165151 7442.36
768 128 0.0152477 51262.2
768 32 0.0152975 14297.8
768 512 0.0153579 192732
768 256 0.0153683 97582.4
768 1024 0.0153765 376816
768 16 0.0154714 7886.68
768 8 0.0159072 4827.84
768 64 0.0161076 27626.5
1024 128 0.0151174 37953.6
1024 256 0.0151835 72300.8
1024 32 0.0151846 10590
1024 512 0.0152164 144150
1024 1024 0.0152708 280027
1024 16 0.0154119 5813.99
1024 8 0.0157294 3563.69
1024 64 0.015982 20608
1280 128 0.0149871 30069.5
1280 256 0.0149958 57185
1280 32 0.0150854 8307.42
1280 1024 0.0151517 222835
1280 512 0.0151785 115021
1280 8 0.0157078 2847.3
1280 64 0.0158836 16294.8
1280 16 0.0161018 5123.2
1536 256 0.0149133 47421.9
1536 128 0.014925 25012.4
1536 32 0.0150393 7320.97
1536 1024 0.0150464 184050
1536 512 0.0150935 94734.7
1536 64 0.0158347 13489.8
1536 8 0.0160105 2532.19
1536 16 0.0162898 4093.7
1792 128 0.015028 21672.5
1792 256 0.0150563 41360.4
1792 1024 0.0150759 157981
1792 512 0.0151331 81903.7
1792 32 0.0151978 6040.92
1792 64 0.0159951 11668.4
1792 8 0.0160631 2137.15
1792 16 0.016844 3885.28
2048 128 0.0153974 19357.2
2048 256 0.0154022 36616.4
2048 512 0.0154521 73316.7
2048 1024 0.0154975 142252
2048 32 0.0155859 5447.81
2048 8 0.0164384 2018.49
2048 64 0.0164426 10506.2
2048 16 0.0172942 3426.37
2304 256 0.0168268 35639.8
2304 128 0.016837 18848.8
2304 512 0.0168697 71163
2304 1024 0.0169328 138702
2304 32 0.0170725 5426.54
2304 64 0.0180054 10283.6
2304 8 0.0180372 1855.63
2304 16 0.0189122 3227
2560 128 0.0186563 18746.2
2560 256 0.0186579 35611.2
2560 512 0.0187515 71529.5
2560 1024 0.0188084 138405
2560 32 0.0189404 5488.47
2560 64 0.0198315 10210.2
2560 8 0.0200536 2180.38
2560 16 0.0210914 3261.67
2816 256 0.0205426 35739
2816 128 0.0205644 18875.4
2816 512 0.0205797 71159.8
2816 1024 0.0206359 137677
2816 32 0.0208653 5347.58
2816 64 0.0217906 10171.2
2816 8 0.0221083 2137.92
2816 16 0.0230377 3469.6
