1984 4 0.211004 77117.6
1728 16 0.211019 318960
1984 16 0.211038 289516
1920 16 0.211039 292953
1856 16 0.211295 300626
1792 32 0.211331 609172
1920 32 0.211381 568244
1792 16 0.211419 311120
2112 16 0.211529 273925
2048 16 0.211533 281260
1856 32 0.211543 592961
2048 4 0.211617 79641.5
1728 32 0.211718 640067
1600 16 0.21176 346768
1792 4 0.21179 89913.5
1856 4 0.211792 85409.6
1920 2 0.211815 47356
1984 32 0.211854 569712
2240 16 0.211879 260086
2048 32 0.211889 559007
1664 32 0.211905 657055
2112 2 0.211951 43385.4
1664 4 0.211959 91846
1664 16 0.21196 336114
1856 2 0.211973 51118.4
1984 8 0.21199 145949
1600 32 0.212011 680802
1920 4 0.212061 83780.8
1664 2 0.212066 50191.3
2112 4 0.212102 78492.1
2112 32 0.212105 537191
1728 4 0.212132 92537.1
2048 2 0.21218 48909.9
2176 2 0.212228 42255
1536 16 0.212254 367237
2176 16 0.212284 269100
1728 2 0.212313 51800.2
1984 2 0.21236 46304
1472 32 0.21248 743494
2368 32 0.212556 467340
1600 4 0.212583 95760.1
2432 16 0.212683 229331
2176 4 0.212702 77061
1472 16 0.212705 384038
1792 2 0.212765 47993.6
1536 32 0.212774 715660
1600 2 0.212774 54570.6
1856 8 0.212777 155218
2240 32 0.212785 514728
2368 4 0.212787 66464.1
1408 32 0.212788 782133
2368 16 0.212791 242329
2112 8 0.212794 139375
2240 4 0.212808 72912.1
1728 8 0.212839 166727
2304 4 0.212853 70302.6
1664 8 0.212861 167731
2432 32 0.212887 450715
2304 2 0.212895 41272.3
1280 16 0.212899 438349
1472 2 0.212903 57183.1
2304 16 0.212912 251202
1792 8 0.21293 164097
1344 16 0.212969 413750
2240 2 0.212973 46782
1408 16 0.212985 397000
2048 8 0.21303 145927
2240 8 0.213162 131296
1408 4 0.213168 107784
1536 8 0.213222 189356
1536 2 0.213227 59006.3
1600 8 0.213296 179650
2496 32 0.213342 444216
2368 2 0.213344 42837
2176 32 0.213368 534140
1280 32 0.21341 852102
2176 8 0.213493 139396
1920 8 0.213544 155670
1472 8 0.21365 194057
1536 4 0.213684 102334
2304 32 0.213694 499078
2496 4 0.213786 65254.9
2432 4 0.213822 67322.3
1344 4 0.213848 111910
2560 32 0.213873 434732
2432 8 0.213881 121309
1344 32 0.213909 826016
2432 2 0.213921 35886.1
1472 4 0.214053 106984
1408 8 0.214074 203306
1280 2 0.21414 66270.6
1344 2 0.214145 64933.9
2304 8 0.214148 139031
2624 16 0.214165 220492
2560 16 0.214225 226548
1408 2 0.214294 63818
2752 16 0.214335 204944
2624 4 0.214411 59476.3
2496 8 0.214484 119637
1280 4 0.214616 121248
1344 8 0.214617 213656
2560 4 0.214622 66933.7
2624 32 0.214651 424286
2688 16 0.214667 213070
2496 2 0.214672 42382
2496 16 0.214794 234715
2560 2 0.215156 40426.3
2368 8 0.215209 130003
2688 32 0.215305 418665
2560 8 0.215408 119683
2624 8 0.215427 112419
1280 8 0.215433 230911
2816 16 0.215461 202607
2624 2 0.215506 38349.9
2752 4 0.215749 60510.8
2816 32 0.215788 395654
2688 4 0.215807 65490
2752 32 0.215943 412178
2880 16 0.216107 200279
2688 8 0.216114 111954
2880 32 0.216507 392966
2944 32 0.216613 381524
2944 2 0.216679 30352.5
2688 2 0.216799 41979.3
2752 8 0.216886 113144
2944 16 0.216888 202203
2752 2 0.216909 40714.2
2816 2 0.21709 37543.7
2880 8 0.217159 102322
2880 2 0.217217 36715.1
2816 8 0.21725 110136
3008 16 0.217381 193999
3008 32 0.217558 379483
2816 4 0.217707 64254.3
3008 4 0.218077 58848.2
2944 4 0.21828 62089.7
2880 4 0.218672 61660.3
3008 2 0.218837 38017.3
3008 8 0.218987 105788
2944 8 0.219499 109646
1728 1 0.223655 31899.6
1536 1 0.223767 31823.3
1664 1 0.224039 36868.6
1984 1 0.224342 28585.7
1600 1 0.224496 35510.3
1792 1 0.224498 32571.6
1856 1 0.224549 31352.2
2048 1 0.224597 29496.6
1344 1 0.224612 39617.2
1920 1 0.224755 30727.2
1408 1 0.224985 34713.3
1472 1 0.225099 38306.5
2112 1 0.225439 27440.6
1280 1 0.225677 44555.3
2176 1 0.225861 28076.5
2240 1 0.226714 27479.9
2304 1 0.227475 28431.1
2368 1 0.228088 27618.5
2432 1 0.229588 26688.6
2560 1 0.230285 26003.7
2496 1 0.230626 28811.3
2624 1 0.23179 26780.2
2688 1 0.232461 26967.4
2752 1 0.233823 26460.5
2816 1 0.234843 26523.7
2880 1 0.23595 25246.7
3008 1 0.237045 24900.9
2944 1 0.23883 25869.6
