job_id 0, [1280, 1, 1152, 2]
job_id 1, [2112, 4, 2048, 16]
job_id 2, [2560, 2, 2560, 4]
job_id 15665, [2304, 16, 2240, 32]
job_id 5675, [2112, 8, 2048, 128]
job_id 8651, [2048, 8, 2688, 64]
job_id 8529, [2368, 8, 1728, 64]
job_id 2979, [1792, 16, 1984, 32]
job_id 2651, [2048, 8, 2048, 32]
job_id 559, [1472, 32, 1984, 128]
job_id 29511, [1536, 8, 1984, 128]
job_id 22196, [2112, 2, 2048, 64]
job_id 526, [2240, 2, 1920, 128]
job_id 17332, [2048, 2, 1984, 32]
job_id 172, [1920, 1, 2368, 128]
job_id 4686, [2304, 2, 1856, 64]
job_id 23587, [1792, 8, 1664, 128]
job_id 24263, [1536, 32, 2240, 8]
job_id 18214, [2432, 4, 1984, 64]
job_id 10401, [2240, 8, 2176, 8]
job_id 23663, [1408, 32, 2624, 32]
job_id 27687, [1536, 32, 1792, 16]
job_id 24891, [1984, 32, 2240, 128]
job_id 12659, [1856, 32, 1920, 128]
